0.00904104337844
16
16
16
16
95
39
27
33
92
37
87
47
89
92
39
27
35
64
95
92
39
33
87
27
95
10
53
39
64
92
27
95
33
35
39
4
37
95
27
92
87
39
27
33
95
39
64
92
80
16
27
95
33
39
92
89
27
87
95
16
39
27
33
92
95
37
39
64
16
27
35
39
95
92
27
16
39
33
87
95
27
92
39
16
95
27
39
33
92
95
27
16
39
64
37
87
95
27
39
92
33
16
76
39
27
47
92
16
39
95
22
35
39
27
95
33
16
39
27
89
92
95
39
27
95
33
87
39
16
27
92
64
37
95
39
27
16
39
92
95
27
33
39
16
95
27
92
39
87
27
95
33
16
39
27
95
92
39
64
35
27
16
95
39
37
92
27
39
33
95
16
27
39
95
87
53
92
27
39
16
95
33
10
27
39
95
92
47
39
16
27
33
95
39
27
92
64
16
39
95
87
27
39
95
33
16
27
92
39
95
27
39
16
95
27
92
33
39
89
27
95
39
35
87
27
95
39
92
16
37
27
39
95
33
64
16
39
92
27
95
4
39
27
95
16
39
33
27
92
95
39
27
16
87
95
39
27
92
33
95
39
27
16
39
95
27
92
39
64
95
33
16
27
39
37
95
27
39
92
16
87
95
27
39
33
95
27
39
92
16
39
27
95
35
39
27
95
92
16
39
27
33
95
39
27
95
92
16
39
87
27
64
95
39
33
27
95
16
39
92
27
37
39
95
27
39
16
95
92
33
27
39
95
27
39
16
95
92
87
27
39
33
95
39
27
16
39
95
27
92
39
64
95
27
16
33
39
95
27
92
39
27
95
35
16
39
47
27
95
92
87
39
33
27
39
95
16
37
39
27
89
95
92
27
39
95
16
33
39
27
95
92
39
27
95
39
16
27
95
39
33
27
92
87
39
64
95
16
27
39
95
6
39
27
33
95
16
39
27
92
95
39
27
10
16
39
95
27
33
39
92
95
27
39
16
27
95
39
87
27
95
92
39
33
27
16
95
39
27
39
95
92
27
39
16
95
35
27
39
33
95
39
92
27
64
16
95
39
27
37
95
39
27
92
39
87
16
95
33
27
39
95
27
39
92
95
16
27
39
27
95
33
39
27
95
39
92
16
27
39
95
27
39
95
33
16
92
72
27
64
95
27
95
87
27
16
33
92
95
27
53
39
95
27
39
16
95
27
92
39
33
95
27
39
27
95
16
39
92
27
39
95
39
27
95
33
16
39
27
35
92
95
87
39
27
95
39
16
27
95
39
92
27
33
39
64
95
27
16
39
95
37
27
92
39
95
27
39
16
95
27
39
33
95
92
27
39
27
39
95
16
87
39
27
95
92
39
33
27
95
16
39
27
95
39
27
92
95
39
27
16
39
33
95
27
39
95
27
92
39
16
95
64
27
39
95
27
39
22
33
87
27
39
95
92
16
39
27
95
39
27
89
95
39
33
27
92
95
16
39
27
95
39
35
27
39
95
27
37
92
16
39
95
27
39
95
33
27
39
92
27
95
16
39
27
47
87
39
95
39
27
95
16
92
33
39
27
95
39
27
95
39
27
16
92
95
39
27
39
33
64
95
27
39
95
16
27
92
39
95
27
39
95
27
39
33
16
27
95
39
92
87
39
27
95
39
27
16
95
39
92
27
95
33
39
27
95
39
27
16
39
95
92
27
39
76
37
16
39
27
39
95
27
92
39
16
27
39
95
35
39
27
95
39
27
92
95
39
16
27
95
39
33
27
95
39
64
92
27
87
39
16
95
27
39
95
27
39
95
92
27
33
39
16
27
95
39
27
39
95
39
92
27
16
95
39
27
95
33
10
39
27
95
39
27
92
16
39
95
27
39
95
27
39
33
27
87
95
16
92
39
27
95
39
27
39
95
16
27
39
92
95
39
27
33
95
39
27
95
39
16
64
27
92
39
95
27
39
95
27
37
39
16
95
27
39
92
33
27
95
39
27
39
95
16
27
39
87
95
92
39
27
95
39
33
27
95
16
39
27
39
92
95
27
39
95
27
35
39
16
27
95
39
27
92
95
39
33
27
39
95
16
27
39
95
39
47
27
92
95
39
27
39
95
16
27
33
39
95
27
92
87
39
95
27
39
16
27
95
39
27
64
39
95
92
33
39
27
95
39
16
27
95
39
27
95
39
92
27
39
95
27
16
39
33
95
27
39
37
27
95
92
39
27
95
39
16
89
27
39
95
27
39
95
92
39
27
33
87
95
39
27
16
95
39
27
39
95
92
27
0.013701266946
